0 0 0 0 0 0 0 0 0 0 0 0 0 0 0 0 0 0 0 0 0 0 0 
0 0.254733 0.290776 0.385823 0.639037 0.595711 0.626887 0.444252 0.260941 0.209713 0.327016 0.358752 0.379364 0.284792 0.122719 0.116849 0.0477428 0.209695 0.285397 0.413443 0.310652 0.0574906 0 
0 0.111788 0.165645 0.262575 0.286257 0.843003 1.03061 0.549696 0.362886 0.293261 0.191866 0.576931 0.759114 0.743026 0.409306 0.348579 0.331535 0.464799 0.461032 0.550781 0.505965 0.147278 0 
0 0.171747 0.126526 0.110632 0.435918 0.821553 0.766397 0.664344 0.794694 0.845711 1.13906 1.59685 1.4145 1.22674 0.587614 0.16418 0.318386 0.381611 0.516802 0.925746 0.470552 0.170029 0 
0 0.265148 0.493412 0.651535 0.674787 0.552038 0.711189 0.75535 1.03419 1.66484 2.51989 2.31572 2.27833 1.28955 0.379245 0.0703972 0.451104 0.758137 0.950359 0.849678 0.581407 0.101172 0 
0 0.205242 0.0558555 0.111326 0.242335 0.355538 0.506159 0.463643 1.12845 2.10876 2.28671 2.47101 1.24 0.229188 0.159018 0.326544 0.429336 0.644984 0.789677 0.821079 0.427359 0.176141 0 
0 0.0978953 0.207962 0.219945 0.0170203 0.32737 0.218809 0.618994 1.54308 1.90181 1.67776 0.800768 0.177313 0.0233798 0.207793 0.331775 0.302613 0.704075 0.931503 0.627057 0.435357 0.311947 0 
0 0.0771355 0.328467 0.185648 0.250851 0.293351 0.393225 1.30217 1.43532 1.48374 1.59614 0.619588 0.258334 0.308516 0.169392 0 0.275148 0.718891 0.995859 0.572385 0.665951 0.446625 0 
0 0.161244 0.332608 0.356719 0.258327 0.695839 0.895923 1.24341 1.42723 1.69447 1.29721 1.16163 0.63765 0.216022 0.148326 0.426267 0.247638 0.819324 1.11844 0.929142 0.943108 0.5681 0 
0 0.154722 0.2958 0.709157 0.479244 0.730159 0.956132 1.19658 1.18741 1.13926 0.831643 0.732267 0.551194 0.36271 0.224629 0.299011 0.211349 0.772094 1.12253 1.09791 0.806299 0.62713 0 
0 0.208155 0.408307 0.152484 0.142551 0.283536 0.527186 0.87601 0.928197 0.678277 0.534449 0.601492 0.78394 0.658372 0.356863 0.285392 0.484643 0.737316 0.77313 1.02778 1.08635 0.753504 0 
0 0.208162 0.187711 0.175106 0.166581 0.112262 0.166089 0.25708 0.398092 0.411761 0.46829 0.370334 0.291255 0.459216 0.363603 0.402908 0.52329 0.470554 0.626524 0.631649 0.652638 0.489592 0 
0 0 0 0 0 0 0 0 0 0 0 0 0 0 0 0 0 0 0 0 0 0 0 
