0 0 0 0 0 0 0 0 0 0 0 0 0 0 0 0 0 0 0 0 0 0 0 
0 0.852469 0.836419 0.870883 0.424443 0.126505 0.076264 0.203599 0.274266 0.348595 0.442185 0.282688 0.100869 0.118137 0.100724 0.351565 0.839953 0.864685 0.863189 0.926542 0.741774 0.50766 0 
0 1.01371 1.63942 1.20989 0.361247 0 0.181318 0.324017 0.557545 0.58227 0.421031 0.17559 0.303378 0.295154 0.643647 1.4523 1.70744 1.68044 1.50877 1.39741 1.21711 0.758206 0 
0 0.724676 0.797721 0.404163 0.194084 0.0952298 0.0587978 0.227228 0.523428 0.797235 0.659384 0.476393 0.536923 0.685695 1.3201 1.90867 1.56511 1.11141 1.41764 1.94376 1.53858 0.911749 0 
0 0.482913 0.226476 0.0409639 0.201012 0.0400966 0.110227 0.281128 0.597181 0.820982 0.527852 0.590865 1.15049 1.50697 1.78076 1.25599 0.774431 0.599906 1.64004 2.17108 1.54566 0.768415 0 
0 0.530409 0.491131 0.218042 0.0913973 0.0199375 0.0547061 0.218656 0.728048 0.987672 0.843274 1.00208 1.23653 1.67621 1.71159 1.56817 1.6839 1.94857 2.0087 1.69563 1.35379 0.540236 0 
0 0.439431 0.872488 0.607432 0.456894 0.247754 0.234757 0.214386 0.857348 1.14703 1.21021 1.48103 1.59211 1.6854 1.8404 1.74099 1.8719 2.01865 1.92366 1.53107 0.941631 0.690964 0 
0 0.365634 0.733369 0.816882 0.646337 0.223978 0.40625 0.377061 0.971657 1.12845 1.23794 1.64714 1.83429 1.56753 1.74823 1.88322 1.8853 1.91974 1.21206 0.876273 0.812718 0.702731 0 
0 0.31899 0.553533 0.564323 0.972112 0.901687 0.894614 0.948322 0.906327 1.30154 1.48586 1.6263 1.40831 1.5103 1.43471 1.50837 1.41223 1.00958 0.563298 0.150699 0.424857 0.396563 0 
0 0.434181 0.606822 0.723475 0.706721 0.601808 0.579066 0.951005 1.02735 1.13839 0.93867 0.838672 1.18616 1.53767 1.28613 1.63593 1.434 1.16518 0.828511 0.257171 0.198678 0.16006 0 
0 0.436544 0.853463 0.698379 0.41091 0.46561 0.440974 0.695556 1.0282 0.947627 0.880263 0.740839 0.323683 0.389398 0.470338 1.29504 1.39211 1.69132 1.44863 0.943565 0.557138 0.232229 0 
0 0.411035 0.365472 0.295752 0.120764 0.0826962 0.113235 0.173653 0.377555 0.561016 0.543309 0.546008 0.350691 0.244241 0.291045 0.667753 0.782481 0.901068 0.943219 0.692765 0.453265 0.220258 0 
0 0 0 0 0 0 0 0 0 0 0 0 0 0 0 0 0 0 0 0 0 0 0 
