0 0 0 0 0 0 0 0 0 0 0 0 0 0 0 0 0 0 0 0 0 0 0 
0 0.147016 0.181912 0.209952 0.109367 0.433569 0.942263 0.985387 1.09708 1.13885 1.01776 0.996617 1.0743 1.1646 1.0711 0.929051 0.911079 0.79966 0.761661 0.929518 0.888899 0.875272 0 
0 0.263269 0.518899 0.629278 0.913029 1.36932 1.4094 1.50234 1.29236 1.11624 1.60031 1.74429 2.02554 1.76827 1.27315 0.623361 0.253877 0.494395 0.881554 1.24084 1.22904 0.584963 0 
0 0.380026 0.710704 1.23427 1.41044 1.43571 1.08894 0.762657 0.357629 0.477964 0.974288 2.10629 2.21219 2.09202 1.35858 0.608657 0.350437 0.464917 0.71664 1.01692 0.859462 0.463308 0 
0 0.521458 0.931024 1.03047 0.836021 0.617276 0.398251 0.289605 0.130335 0.234609 1.1901 2.31744 2.42573 1.94849 1.10839 0.485376 0.200865 0.000339966 0.186179 0.259129 0.312285 0.268887 0 
0 0.431796 0.827311 0.784858 0.222284 0.312665 0.184507 0 0.381798 1.36263 2.36353 2.23194 2.14224 1.5587 0.634463 0.377296 0.373237 0.300648 0.220261 0.125791 0.346515 0.192879 0 
0 0.411054 1.02468 1.16405 1.24687 0.970658 0.730846 0.986959 1.163 1.92289 2.43146 2.457 2.54512 2.21581 1.30277 0.885687 0.567189 0.598089 0.544676 0.302757 0.341364 0.313114 0 
0 0.308054 0.696866 1.23852 1.71778 1.90477 1.94133 1.93491 1.90462 2.26056 2.38417 2.74099 2.91795 2.60918 2.47656 2.36725 1.6649 1.52066 1.129 1.05074 0.707889 0.398577 0 
0 0.0890712 0.256693 0.753657 1.41923 1.60105 1.77859 1.95402 1.654 1.78302 1.71951 2.11587 2.36655 2.22861 2.03096 2.41458 1.85334 1.81621 1.76471 1.03187 0.86263 0.31518 0 
0 0.227541 0.356095 0.640052 0.937817 1.04251 1.18099 0.962564 0.965594 1.03049 1.0704 1.33155 1.47675 1.65213 1.57386 1.64275 1.62493 1.72306 1.55516 1.32401 1.04351 0.520419 0 
0 0.149965 0.457917 0.601808 0.64069 0.577544 0.465805 0.537579 0.75315 0.779352 0.759499 0.901411 0.801327 1.16594 1.26162 1.07847 1.19986 1.31914 1.25166 1.2258 1.29201 0.788013 0 
0 0.202614 0.15806 0.213529 0.245439 0.399205 0.239304 0.182606 0.25063 0.288447 0.307138 0.455571 0.443084 0.69081 0.716573 0.602613 0.73043 0.650981 0.688953 0.863317 0.76182 0.737487 0 
0 0 0 0 0 0 0 0 0 0 0 0 0 0 0 0 0 0 0 0 0 0 0 
