0 0 0 0 0 0 0 0 0 0 0 0 0 0 0 0 0 0 0 0 0 0 0 
0 0.574582 0.64817 0.705207 0.772833 0.620165 0.695662 0.698101 0.867788 0.957621 0.874885 0.818407 0.961704 0.718533 0.722174 0.672299 0.423996 0.42871 0.279973 0.328355 0.319828 0.368567 0 
0 0.359301 0.774336 0.841514 0.740034 0.776665 0.773955 0.822884 1.05832 1.12848 1.26632 1.19448 1.17482 1.19752 1.26954 1.17054 0.923459 1.02416 0.81509 1.01194 1.13198 0.613664 0 
0 0.369605 0.4805 0.505599 0.601241 0.842019 0.901515 0.911096 1.00979 0.943197 1.34686 1.51251 1.21687 1.34458 1.52651 1.49167 1.4629 1.5666 1.63285 1.36858 0.866001 0.601246 0 
0 0.242377 0.572944 0.376477 0.337418 0.458696 0.625128 0.675153 1.07478 1.05401 1.52802 1.65369 1.43021 1.65395 1.55273 1.55183 1.95382 1.69864 1.73958 1.13158 0.872659 0.390338 0 
0 0.117978 0.419521 0.52373 0.461451 0.872814 0.667765 0.831178 1.06503 1.10135 1.13434 0.815715 0.533561 0.737548 0.758487 0.99018 1.49711 1.68245 1.76496 1.26364 0.847382 0.272397 0 
0 0 0.266919 0.308197 0.448127 0.788228 0.843442 0.93574 0.586462 0.510679 0.474635 0.276043 0.334733 0.0329547 0.265774 0.236895 0.495247 0.363212 0.874751 1.42209 1.11613 0.318587 0 
0 0.141385 0.235099 0.381504 0.637214 0.692263 0.902881 0.69282 0.941331 0.779565 1.00279 0.415208 0.168686 0.199208 0.231191 0.146434 0.369889 0.258793 0.577898 1.01007 0.929096 0.349353 0 
0 0.295864 0.55388 0.659569 1.0012 1.06558 1.04286 1.42208 2.0118 2.13348 2.25342 1.99649 1.55925 0.647745 0.474759 0.604441 0.330693 0.477949 0.683766 0.612265 0.560872 0.310514 0 
0 0.438326 0.759777 0.994084 0.610089 0.999675 1.45488 2.08992 2.02991 2.45889 2.19281 1.92662 1.30213 1.00642 0.664673 0.406388 0.268691 0.277902 0.337447 0.402315 0.226308 0.249286 0 
0 0.478534 0.665512 0.477288 0.514138 0.558341 1.09339 1.72191 1.91625 1.79491 1.63154 1.15139 0.81864 0.583155 0.318267 0.349604 0.230014 0.103233 0.0157158 0.21934 0.0968631 0.277743 0 
0 0.764756 0.449106 0.351036 0.399775 0.512436 0.908392 0.902788 0.928725 0.888844 0.702311 0.485858 0.277174 0.0750511 0.112586 0.0323887 0.22768 0.135859 0.137225 0.130877 0.265392 0.469526 0 
0 0 0 0 0 0 0 0 0 0 0 0 0 0 0 0 0 0 0 0 0 0 0 
