0 0 0 0 0 0 0 0 0 0 0 0 0 0 0 0 0 0 0 0 0 0 0 
0 0.551999 0.571526 0.484467 0.612104 0.56603 0.62714 0.79452 0.545807 0.533166 0.488741 0.288866 0.351056 0.316769 0.288207 0.255277 0.203631 0.307793 0.418937 0.402329 0.627065 0.83684 0 
0 0.668523 1.19758 1.22148 1.14651 0.965872 1.12651 1.0176 0.905871 0.661783 0.520573 0.524703 0.322963 0.328583 0.102301 0.393459 0.382927 0.725851 0.558066 0.831505 0.936851 0.844008 0 
0 0.786441 1.26646 1.50163 1.29952 1.13315 0.977328 1.19619 1.26613 1.06497 0.743084 0.216974 0.0950612 0.160059 0.251601 0.378532 0.44383 0.753936 1.02054 0.63146 0.341944 0.388037 0 
0 0.69432 1.20993 1.44997 1.33796 1.01842 0.698549 0.70566 1.00663 0.87127 1.01139 0.761249 0.462156 0.400359 0.267062 0.335769 0.445522 0.656098 0.931033 0.367552 0.438794 0.141287 0 
0 0.246662 0.357945 1.23338 1.81186 1.43406 0.878684 0.739552 0.332093 0.731844 1.10419 0.975069 0.511294 0.478982 0.338548 0.423456 0.621628 1.15754 0.90889 0.740668 0.0410966 0.116405 0 
0 0.142212 0.363198 0.670931 1.12218 1.29162 0.687758 0.57374 0.442557 0.841309 1.49839 1.30009 0.968869 0.463618 0.369691 0.537925 0.596288 1.1806 1.0137 0.296027 0.22519 0.146916 0 
0 0.101957 0.358115 0.613913 0.627053 0.82412 0.742837 1.17752 1.80514 2.17424 2.15501 2.18298 0.756029 0.295107 0.539345 0.656338 0.84486 0.962691 1.08072 0.533467 0.285486 0.137031 0 
0 0.189527 0.249682 0.410286 0.482296 0.542326 0.59942 1.30681 2.36491 2.70237 2.26306 1.32528 0.330374 0 0.431574 0.623072 0.943301 0.736801 0.59337 0.337227 0.449729 0.211961 0 
0 0.114195 0.170305 0.222205 0.236902 0.193068 0.891456 1.70621 1.77407 1.54177 1.07154 0.411359 0.369786 0.167685 0.175088 0.432928 0.64284 0.760279 0.535399 0.505278 0.503875 0.422821 0 
0 0.182755 0.240335 0.286845 0.310185 0.57044 0.714163 1.05387 1.27163 0.636843 0.137504 0.148615 0.104689 0.115475 0.174656 0.24217 0.529168 0.61559 0.32073 0.694865 0.891608 0.73629 0 
0 0.17176 0.106723 0.199281 0.229935 0.432211 0.504751 0.651505 0.670073 0.503259 0.307187 0.0841659 0.116201 0.0110386 0.0508931 0.196709 0.403947 0.390679 0.345202 0.387172 0.570668 0.7103 0 
0 0 0 0 0 0 0 0 0 0 0 0 0 0 0 0 0 0 0 0 0 0 0 
