0 0 0 0 0 0 0 0 0 0 0 0 0 0 0 0 0 0 0 0 0 0 0 
0 0.315297 0.453886 0.30552 0.0961638 0.0678832 0.0392923 0.103921 0.0497196 0.294812 0.774561 0.971961 0.887639 0.527456 0.305702 0.0869792 0.0546465 0.0755455 0.0504542 0.121191 0.109241 0.184674 0 
0 0.414884 0.800841 0.714477 0.379284 0.399818 0.160485 0.146816 0.431309 0.855399 1.5097 1.55299 1.42663 1.14098 0.436075 0.146627 0.2128 0.161128 0.238094 0.0867066 0.191685 0.197584 0 
0 0.273159 0.846041 1.29719 1.27229 1.22071 1.38822 1.53782 1.53924 1.56984 1.93549 1.94202 2.11604 1.91359 1.72787 1.33719 0.954604 0.665006 0.867699 0.660783 0.416374 0.361252 0 
0 0.182187 0.487018 0.94772 1.56092 1.67753 1.57876 1.88455 1.68245 1.88256 2.04711 2.31711 2.41192 2.30153 2.4484 2.10719 1.63991 1.62887 1.30846 0.899681 0.588108 0.377926 0 
0 0.0879511 0.10383 0.382286 1.30996 1.34393 1.37902 1.42693 1.50598 1.7227 1.58291 1.62416 1.93755 1.84977 1.71089 1.97097 1.67918 1.7355 1.68179 1.02582 0.806393 0.486404 0 
0 0.16837 0.231759 0.496087 0.965626 0.896736 0.890919 0.583761 0.999036 0.87557 1.00552 1.17743 1.27472 1.57056 1.62082 1.57898 1.80795 1.75603 1.67188 1.41277 0.983322 0.530623 0 
0 0.104049 0.4201 0.435794 0.872539 0.598446 0.563026 0.456184 0.608817 0.692126 0.656818 0.858306 1.12532 1.4928 1.41949 1.59953 1.64613 1.83962 1.63541 1.52694 1.12769 0.702971 0 
0 0.195834 0.409343 0.32023 0.466291 0.66643 0.712716 0.545875 0.649578 0.53966 0.751409 0.794929 1.12171 1.30687 1.14603 0.91049 1.3614 1.60774 1.51374 1.54207 1.04199 0.680187 0 
0 0.259725 0.0599595 0.318646 0.0448459 0.151218 0.298743 0.3087 0.687936 0.709363 0.775338 0.64395 0.842181 0.679614 0.440332 0.134354 0 0.0678421 0.348263 0.416208 0.381666 0.562991 0 
0 0.20899 0.107567 0.053694 0.139543 0.205182 0.127014 0.439653 0.683074 0.621388 0.53421 0.467926 0.390134 0.319134 0.0071844 0.0955231 0.14032 0.123354 0.133369 0.201917 0.308716 0.117879 0 
0 0.461614 0.285292 0.168092 0.199417 0.152526 0.277804 0.372754 0.328973 0.356014 0.455174 0.587768 0.676157 0.844 0.461555 0.221004 0.0719499 0.112168 0.154822 0.0313349 0.0428763 0.233052 0 
0 0 0 0 0 0 0 0 0 0 0 0 0 0 0 0 0 0 0 0 0 0 0 
