0 0 0 0 0 0 0 0 0 0 0 0 0 0 0 0 0 0 0 0 0 0 0 
0 0.152908 0.211577 0.250761 0.37011 0.359326 0.401161 0.407063 0.465488 0.246718 0.15276 0.149676 0.104957 0.246927 0.353304 0.359948 0.621944 0.654237 0.567025 0.534709 0.291704 0.247166 0 
0 0.096214 0.259019 0.459388 0.591041 0.533303 0.533771 0.427603 0.411431 0.206713 0.10517 0.177379 0.215227 0.228907 0.1558 0.281754 0.247509 0.725752 1.03732 0.695279 0.350123 0.215542 0 
0 0.261265 0.56416 0.664514 0.739303 0.784685 0.996518 1.15385 1.30031 1.17821 0.478683 0.375626 0.341966 0.366725 0.184081 0.181634 0.46908 0.846268 0.799209 0.843895 0.61707 0.414618 0 
0 0.403049 0.675961 1.01114 1.02082 1.45468 2.12107 2.0556 2.38024 2.30558 1.8741 1.16393 0.604074 0.647137 0.703161 0.755749 0.702775 0.583445 0.728918 0.770191 0.766368 0.593056 0 
0 0.362849 0.590352 0.710003 1.10001 2.30853 2.32054 2.60718 2.50588 2.30494 1.79445 1.25552 0.99378 0.568396 0.311022 0.113321 0.248847 0.343804 0.576358 0.316918 0.702869 0.747428 0 
0 0.361387 0.477427 0.72393 1.26463 2.20003 2.71003 2.5837 2.66022 1.98213 1.1156 0.744332 0.532973 0.245777 0.394917 0.39693 0 0.293415 0.381518 0.501817 0.88076 0.7477 0 
0 0.593065 0.978271 1.28376 2.08119 2.29438 2.20852 2.1935 1.63788 1.39025 0.952111 0.422907 0.310555 0.324944 0.284129 0.30399 0.16858 0.287661 0.152013 1.08083 1.00053 0.560705 0 
0 0.951951 1.7464 2.20446 2.17029 1.97516 1.87089 1.19458 0.965665 0.72308 1.04996 0.493085 0.45804 0.413765 0.488631 0.391677 0.29972 0.591178 0.845441 1.05034 1.08177 0.724011 0 
0 0.858651 1.5362 1.86557 1.74928 1.47721 1.28002 0.733674 0.757068 0.759717 0.745361 0.409661 0.432254 0.375968 0.309522 0.65107 0.605058 0.695043 0.978909 1.14022 1.0483 0.566456 0 
0 0.839943 1.314 1.31034 1.43972 1.04653 0.561341 0.598795 0.400527 0.340183 0.562198 0.535841 0.651417 0.478331 0.502101 0.211964 0.136912 0.225544 0.530417 0.723837 0.973253 0.447364 0 
0 0.570861 0.666945 0.836781 0.678501 0.491184 0.386909 0.359384 0.272111 0.312603 0.268783 0.272323 0.258079 0.192459 0.213306 0.214956 0.20157 0.114583 0.138269 0.203987 0.391223 0.436282 0 
0 0 0 0 0 0 0 0 0 0 0 0 0 0 0 0 0 0 0 0 0 0 0 
