0 0 0 0 0 0 0 0 0 0 0 0 0 0 0 0 0 0 0 0 0 0 0 
0 0.947658 0.984346 0.958371 0.898982 0.888919 0.921662 0.939564 0.926515 0.880355 0.778891 0.657333 0.59588 0.50165 0.508403 0.426562 0.531981 0.505955 0.514053 0.812841 0.888216 0.961453 0 
0 0.946675 1.40438 1.20886 1.14534 1.47349 1.48855 1.42867 1.57668 1.51392 1.40036 1.49681 1.46956 1.35032 1.2728 1.47375 0.99199 1.03526 1.24455 1.23048 1.53326 0.986959 0 
0 0.337523 0.314353 0.495583 0.803451 1.23274 1.31146 1.0831 1.25481 1.3646 1.59662 1.7712 1.99673 2.00694 2.04749 1.85144 1.87939 1.68719 1.62804 1.64369 1.45806 0.836514 0 
0 0.272283 0.142177 0.359334 0.652006 0.72533 1.14912 0.886878 1.27031 1.1067 1.2908 1.58667 1.78054 1.92023 2.13507 1.76668 1.93928 2.10345 1.95189 1.51166 1.16747 0.698886 0 
0 0.176611 0.168588 0.0252363 0 0.323935 0.371518 0.425849 0.851924 1.1232 1.35383 1.32239 1.47143 1.51417 1.8444 2.10154 2.06856 1.66912 1.44997 1.09523 0.690552 0.269448 0 
0 0.131915 0.230486 0.305421 0.210646 0.0778101 0.259288 0.525098 0.526983 0.850511 1.04957 1.14585 1.35727 1.23976 1.92053 2.05643 1.57124 1.58638 1.32451 1.01429 0.492875 0.213852 0 
0 0.371431 0.504281 0.531625 0.688335 0.540797 0.53819 0.778419 0.740345 0.978718 1.02235 1.05288 1.33055 1.53601 1.73904 1.5078 1.55371 0.897641 0.749013 0.727174 0.536436 0.201216 0 
0 0.933338 1.24458 1.46471 1.11296 1.10752 1.07888 0.935616 0.751522 0.504427 0.609587 0.92127 1.19234 1.70117 1.78387 1.37938 0.828802 0.660358 0.303952 0.57557 0.40616 0.29554 0 
0 0.938868 1.34124 1.57972 1.65563 1.14084 0.941866 0.764326 0.86389 0.744025 0.837655 1.10053 1.35892 1.42391 1.05178 1.10523 0.855293 0.563373 0.511041 0.581756 0.454484 0.200289 0 
0 0.701959 1.30745 1.28507 1.27452 1.05438 0.923426 0.850644 0.888935 1.25137 1.11022 1.23465 1.2022 0.967297 0.882321 0.530303 0.377137 0.424029 0.500163 0.405323 0.43897 0.190178 0 
0 0.634214 0.673676 0.715802 0.646564 0.679455 0.756968 0.776755 0.645079 0.508647 0.534723 0.651814 0.509335 0.491881 0.301349 0.201172 0.185029 0.179206 0.0628644 0.187334 0.219164 0.253139 0 
0 0 0 0 0 0 0 0 0 0 0 0 0 0 0 0 0 0 0 0 0 0 0 
