0 0 0 0 0 0 0 0 0 0 0 0 0 0 0 0 0 0 0 0 0 0 0 
0 0.286046 0.310525 0.302876 0.47721 0.791492 0.903024 0.885409 0.878034 0.272252 0.118411 0.222369 0.264796 0.338884 0.429427 0.452026 0.218764 0.126498 0.143137 0.147259 0.554493 0.875813 0 
0 0.208433 0.387174 0.377059 0.9987 1.64114 1.86506 1.53298 0.75437 0.133519 0 0.287168 0.448495 0.625 0.502865 0.364887 0.223992 0.385272 0.346751 0.963419 1.4947 0.965963 0 
0 0.101657 0.164814 0.914362 1.73279 1.80731 1.42082 0.837804 0.352481 0.326474 0.207477 0.139495 0.44556 0.630523 0.775041 0.504535 0.55663 0.650213 1.02626 1.77444 1.45561 0.59817 0 
0 0.133435 0.58176 0.897125 1.36968 1.68879 0.853145 0.0293393 0.264952 0.125429 0.0505414 0.23878 0.369829 0.707349 0.841756 0.472029 0.987601 1.26881 1.80431 1.55779 0.881134 0.309814 0 
0 0.240399 0.74985 1.13238 1.56105 1.51601 1.1562 0.703487 0.169676 0.264823 0.0136135 0.129993 0.43932 1.07881 0.887231 0.996756 0.941767 1.47006 1.73669 1.45045 1.14291 0.763055 0 
0 0.457294 0.845018 1.10821 1.3437 1.19557 1.23107 1.06596 0.701215 0.451919 0.314927 0.249767 0.426109 1.18048 1.20371 1.39214 1.56348 1.65692 1.76951 1.70779 1.31025 0.761665 0 
0 0.367903 0.759656 1.22202 1.07808 1.08685 0.941842 1.13858 0.90796 0.696471 0.285258 0.51647 0.700611 1.09278 1.41243 1.42821 1.94751 1.7143 1.67304 1.66588 1.28098 0.743409 0 
0 0.152257 0.445348 0.951363 1.20392 0.973045 0.804812 0.767232 0.876817 1.01061 0.822701 1.00771 1.01562 1.03545 1.4707 1.62845 1.60244 1.56019 1.55443 1.60544 1.12848 0.595943 0 
0 0.191561 0.182514 0.42363 0.619099 0.749396 0.994358 0.731444 0.718206 0.87699 0.665989 0.812263 1.02886 1.31166 1.12888 0.934381 0.968626 1.30456 1.59805 1.42753 1.30093 0.658518 0 
0 0.226778 0.413514 0.458597 0.57942 0.791957 0.81537 0.845785 0.632272 0.440999 0.482106 0.546268 0.835783 0.970443 0.961406 1.00499 0.551696 0.338168 0.473105 0.774759 1.36806 0.939772 0 
0 0.352344 0.281737 0.282645 0.347431 0.535774 0.3912 0.381871 0.242335 0.0771605 0.10742 0.189191 0.163033 0.494688 0.60323 0.539077 0.491907 0.356942 0.230132 0.474991 0.709059 0.863609 0 
0 0 0 0 0 0 0 0 0 0 0 0 0 0 0 0 0 0 0 0 0 0 0 
