0 0 0 0 0 0 0 0 0 0 0 0 0 0 0 0 0 0 0 0 0 0 0 
0 0.428801 0.516398 0.502339 0.493069 0.591472 0.693022 0.66339 0.657554 0.640566 0.70668 0.722153 0.683844 0.624566 0.705659 0.636458 0.622917 0.631855 0.598926 0.566331 0.360869 0.249009 0 
0 0.24134 0.494093 0.584015 0.723314 0.978776 1.0562 1.14133 1.23802 1.23553 1.09157 1.36468 1.30598 1.3562 1.08679 1.02395 0.994088 0.879407 0.994082 0.903818 0.846273 0.242693 0 
0 0.272672 0.560031 0.849357 1.08884 1.1593 0.846697 0.730049 0.932263 1.21468 1.22523 1.51296 1.56671 1.57078 1.2673 1.05361 0.743547 0.504872 0.597627 1.06289 0.707291 0.391649 0 
0 0.32238 0.727321 0.606943 0.517409 0.541507 0.529451 0.176722 0 0.0741802 0.380171 0.476797 0.66022 0.771776 1.6419 1.62869 1.119 0.797526 0.580134 0.412047 0.626163 0.406497 0 
0 0.39511 0.667739 0.545172 0.605427 0.518864 0.476305 0.158915 0.268558 0.28576 0.268238 0.383514 0.467354 0.439981 0.934113 1.2397 1.17149 0.488262 0.484597 0.262637 0.524565 0.565771 0 
0 0.36266 0.784043 1.20311 1.75275 2.26444 2.008 1.3055 0.578544 0.361351 0.582533 0.284595 0.352601 0.641882 0.825871 0.874938 0.867872 0.881022 1.19862 1.65399 1.48211 0.879975 0 
0 0.5354 1.4094 1.93935 2.50039 2.74053 2.40868 1.82897 1.17147 0.880032 0.654631 0.650814 0.662564 0.439705 0.490522 0.363529 0.669088 0.842077 1.72565 2.34125 1.92513 0.989542 0 
0 0.539541 1.59466 2.35219 2.59445 2.29384 2.12824 1.40264 0.990479 0.795992 0.396902 0.361066 0.333117 0.234802 0.318785 0.379487 0.383852 0.993424 2.00255 1.74058 1.29574 0.461826 0 
0 0.731969 1.51511 2.15166 1.98948 1.93054 1.41293 0.773325 0.279339 0.224489 0.143223 0.384906 0.332692 0.193095 0.325152 0.322972 0.582068 1.18808 1.41343 1.39982 0.525146 0.0566252 0 
0 0.916218 1.34017 1.35527 1.25185 0.853263 0.57526 0.580743 0.298344 0.233414 0.115687 0.204162 0.349695 0.122042 0.285692 0.356628 0.828602 0.947143 1.01356 1.09367 0.666097 0.212583 0 
0 0.883003 0.800936 0.700785 0.461994 0.39302 0.33702 0.418133 0.260571 0.261185 0.228246 0.247633 0.144165 0.241714 0.361062 0.412443 0.505809 0.532504 0.612687 0.567859 0.528059 0.369439 0 
0 0 0 0 0 0 0 0 0 0 0 0 0 0 0 0 0 0 0 0 0 0 0 
