0 0 0 0 0 0 0 0 0 0 0 0 0 0 0 0 0 0 0 0 0 0 0 
0 0.736565 0.59106 0.544277 0.448045 0.429973 0.392275 0.466303 0.436976 0.477058 0.816538 0.783415 0.856854 0.894672 0.811272 0.67755 0.727829 0.673788 0.604257 0.730434 0.663831 0.66088 0 
0 0.791795 1.42538 1.30803 1.27901 1.12827 1.3617 0.848149 0.96912 1.13413 1.18591 1.45623 1.55164 1.30464 1.5227 1.44517 1.43039 1.32316 1.30571 1.38142 1.13445 0.586224 0 
0 0.723383 1.43865 1.80257 1.92072 1.91805 1.75248 1.72874 1.56338 1.53923 1.57233 1.75234 1.78108 2.10158 1.71887 1.5391 1.67642 1.58601 1.46164 1.58619 1.11024 0.555642 0 
0 0.485422 1.05673 1.47158 1.77405 1.99171 1.57267 1.90956 1.91926 1.7427 1.55794 1.44485 1.56631 1.76898 0.922722 0.842659 0.478068 0.879759 1.34661 1.60223 1.37551 0.701707 0 
0 0.481475 0.838958 1.154 1.37415 1.77365 1.91762 1.8699 1.52477 1.39596 1.08015 0.826968 0.554338 0.652337 0.510507 0.263273 0.498817 1.07135 1.74844 1.78679 1.38638 0.689942 0 
0 0.342421 0.758448 1.06719 1.11208 1.92197 1.71492 1.41314 1.34423 1.13907 0.950331 0.478572 0.336025 0.0449703 0.35223 0.323375 1.39991 1.5317 1.83237 1.76749 1.42593 0.85652 0 
0 0.356487 0.656592 1.10293 1.46897 1.62621 1.29309 1.39437 0.68522 0.782723 0.612508 0.503606 0.332119 0.418662 0.684355 1.03359 0.991039 1.62856 2.12079 1.75721 1.5914 0.985261 0 
0 0.245563 0.576897 0.963204 1.66214 1.62033 1.13142 0.576962 0.52945 0.194945 0.533579 0.374936 0.717755 0.426513 0.523568 0.974163 1.30373 1.8214 2.18647 2.12311 1.70817 0.964113 0 
0 0.312554 0.774955 1.3027 1.14492 0.937397 1.07632 0.533106 0.427937 0.373494 0.456719 0.426881 0.320706 0.469142 0.705033 0.751571 1.40909 1.75872 2.0237 2.12296 1.30544 0.536732 0 
0 0.598187 1.13151 0.98958 0.914511 0.720325 0.342862 0.284813 0.35887 0.364878 0.324007 0.329133 0.23481 0.528289 0.740296 0.839539 1.28261 1.49226 1.5042 1.44811 0.649872 0.192799 0 
0 0.56245 0.516814 0.492827 0.368498 0.292297 0.127738 0.0986395 0.0856054 0.00094353 0.174119 0.141511 0.231787 0.349487 0.321555 0.365667 0.487432 0.642003 0.792673 0.616431 0.379963 0.290074 0 
0 0 0 0 0 0 0 0 0 0 0 0 0 0 0 0 0 0 0 0 0 0 0 
