0 0 0 0 0 0 0 0 0 0 0 0 0 0 0 0 0 0 0 0 0 0 0 
0 0.659399 0.720911 0.74925 0.667338 0.672456 0.678855 0.73339 0.631902 0.723382 0.623898 0.587855 0.432801 0.348759 0.272599 0.216262 0.228383 0.158399 0.240529 0.238151 0.400366 0.329697 0 
0 0.684936 1.18972 1.41817 1.31288 1.33621 1.25055 1.12095 1.01064 0.901844 0.990028 1.10478 0.907697 0.721833 0.282555 0.0498168 0.196733 0.238124 0.360671 0.299688 0.560113 0.505516 0 
0 0.560424 0.949223 1.52517 1.59946 1.5352 1.51873 1.24073 0.996843 0.547864 0.673385 1.03727 0.900204 1.02953 0.779787 0.509546 0.476737 0.292639 0.237144 0.552459 0.42637 0.38886 0 
0 0 0.273136 0.518507 0.735449 0.717629 1.44823 1.88021 1.54264 0.981757 0.751283 0.599137 0.832323 1.11377 0.982233 0.570449 0.501843 0.443039 0.41012 0.563626 0.859041 0.419978 0 
0 0.116497 0.200895 0.281939 0.422945 0.610542 0.62559 1.2683 1.43927 0.727654 0.55843 0.446606 0.680118 1.29853 1.42539 1.01602 0.704661 0.404081 0.629493 0.559449 0.828821 0.448293 0 
0 0.176606 0.452358 0.388819 0.394042 0.626763 0.847106 0.665013 0.889913 0.790024 1.25563 1.64931 2.04164 2.20666 2.04904 0.974432 0.371109 0.469321 0.473641 0.688202 0.715954 0.481301 0 
0 0.40441 0.558572 0.531671 0.668851 0.548247 0.510938 0.52505 0.66418 0.78005 1.31514 2.53645 2.92212 2.54491 1.74355 0.477232 0.177746 0.502579 0.597234 0.94836 0.683269 0.300893 0 
0 0.412831 0.323098 0.456157 0.487612 0.44393 0.361276 0.478301 0.294342 0.880314 1.82491 2.13847 1.90819 1.59922 0.5439 0.405439 0.130792 0.333736 0.577448 0.658985 0.581552 0.296791 0 
0 0.159899 0.199398 0.34525 0.427379 0.339233 0.391315 0.456662 0.661012 1.02676 1.50318 1.58961 0.975473 0.459355 0.183934 0.242406 0.322279 0.242175 0.303399 0.767941 0.638318 0.20416 0 
0 0.155866 0.319246 0.248863 0.348015 0.143536 0.325037 0.328905 0.716072 0.896668 1.02771 1.26448 0.96132 0.457198 0.226882 0.227241 0.0231451 0.0576213 0.377341 0.603338 0.648612 0.331587 0 
0 0.251899 0.240463 0.259471 0.197028 0.262889 0.304831 0.465354 0.551724 0.533531 0.610554 0.56805 0.522639 0.542205 0.285046 0.238731 0.174791 0.137903 0.243982 0.485933 0.488996 0.588432 0 
0 0 0 0 0 0 0 0 0 0 0 0 0 0 0 0 0 0 0 0 0 0 0 
