0 0 0 0 0 0 0 0 0 0 0 0 0 0 0 0 0 0 0 0 0 0 0 
0 0.447371 0.136468 0.144367 0.115298 0.0894637 0.0935375 0.160306 0.152023 0.28284 0.467061 0.497212 0.363427 0.270753 0.305471 0.410104 0.687153 0.575315 0.427625 0.165244 0.12895 0.233152 0 
0 0.924194 1.42354 1.12264 0.435569 0.279851 0.502675 0.301658 0.380774 0.551944 0.532845 0.61855 0.554219 0.810113 1.34437 1.68575 1.59177 1.66804 0.677374 0.176097 0.273241 0.249862 0 
0 0.963125 1.41718 1.1684 0.963713 0.585689 0.298343 0.263037 0.267618 0.411681 0.466531 0.389567 0.53028 1.0546 1.98075 2.2217 2.07464 0.971353 0.327705 0 0.287104 0.294328 0 
0 0.909922 1.01715 0.958624 0.705934 0.388072 0.446293 0.35322 0.109587 0.00597089 0.354271 0.180939 0.926374 1.73329 2.04504 1.62385 0.9194 0.336952 0.280866 0.134815 0.154714 0.222652 0 
0 0.663785 0.759929 0.591145 0.232223 0.289766 0.214203 0.509459 0.284195 0.352039 0.281603 0.802323 1.25122 1.33786 1.76208 1.04207 0.225688 0.210514 0.260021 0.0354938 0.188984 0.177781 0 
0 0.330002 0.656924 0.629431 0.499376 0.224352 0.399193 0.437977 0.365674 0.499777 0.603362 0.993067 1.36542 1.5582 1.48045 1.37641 0.79871 0.257267 0.190389 0.108319 0.187067 0.121403 0 
0 0.374169 0.584507 0.600188 0.531746 0.32251 0.528197 0.478735 0.66142 0.766737 1.06806 1.19874 1.40771 1.3827 1.1867 1.06921 1.02147 0.608864 0.376835 0.327753 0.189221 0.142782 0 
0 0.172156 0.483937 0.600131 0.7444 0.609664 0.690945 0.608742 0.248571 0.41526 0.709468 0.991268 1.32775 1.17568 1.06529 0.951157 1.10993 1.05977 0.768713 0.30394 0.352604 0.238183 0 
0 0.235797 0.686295 0.630132 0.458782 0.367344 0.331969 0.377025 0.282839 0.399013 0.439045 0.414551 0.860785 0.973621 1.06461 0.871793 0.69744 0.732775 1.03743 0.886436 0.768698 0.49984 0 
0 0.401427 0.682046 0.701969 0.614052 0.457794 0.27291 0.37551 0.296068 0.235579 0.237354 0.25025 0.292071 0.393224 0.541859 0.787165 0.684358 0.642013 0.603178 0.556358 0.566182 0.38102 0 
0 0.452109 0.548961 0.427062 0.405519 0.448856 0.499076 0.339675 0.367266 0.264665 0.295275 0.245417 0.269485 0.342086 0.476387 0.469306 0.547454 0.378252 0.236639 0.256008 0.288783 0.402913 0 
0 0 0 0 0 0 0 0 0 0 0 0 0 0 0 0 0 0 0 0 0 0 0 
