0 0 0 0 0 0 0 0 0 0 0 0 0 0 0 0 0 0 0 0 0 0 0 
0 0.555331 0.8299 0.709279 0.644531 0.501146 0.467214 0.407116 0.293135 0.237795 0.178346 0.234788 0.25561 0.667809 0.76134 0.905089 0.914528 0.850201 0.910442 0.762231 0.788789 0.778878 0 
0 0.673588 1.18645 0.980211 0.928648 0.459484 0.690971 0.55757 0.591614 0.421425 0.401984 0.543482 0.731872 0.860319 1.19584 1.65062 1.63309 1.91378 1.80365 1.54284 1.53966 0.869691 0 
0 0.809775 1.17189 1.16351 0.768372 0.686961 0.498173 0.540827 0.419692 0.790281 0.551561 0.667585 1.0312 1.4828 2.00174 2.14563 2.37025 2.28949 2.07111 1.76299 1.42705 0.739551 0 
0 0.476032 0.858256 1.16148 0.748098 0.658637 0.707007 0.619541 0.539899 0.604121 0.866422 0.922213 1.13244 1.91102 2.2583 2.59124 2.29959 1.51439 1.09966 1.10162 0.956047 0.51694 0 
0 0.610089 0.724531 0.483755 0.473509 0.675011 0.522203 0.599762 0.647812 0.646612 0.844177 1.21666 1.53895 2.10654 2.23814 2.33285 2.24585 1.08597 0.583794 0.791363 0.732785 0.502155 0 
0 0.438799 0.695013 0.405188 0.253115 0.261986 0.282794 0.542346 0.38213 0.764844 1.10785 0.961063 0.860022 1.17509 1.44579 2.05766 1.61055 1.30821 0.884864 0.481096 0.492693 0.227877 0 
0 0.396035 0.726527 0.568995 0.457014 0.311788 0.387658 0.0572723 0.537938 0.833823 1.02508 0.857673 0.551312 0.592429 0.544019 0.738062 1.4884 1.24389 0.963071 0.477186 0.418507 0.22452 0 
0 0.354853 0.717722 0.78771 0.650183 0.321832 0.373884 0.348944 0.591243 0.908685 1.1357 0.846373 0.167484 0.253188 0.259145 0.412951 0.73587 1.2463 1.06584 0.85147 0.331407 0.135188 0 
0 0.139274 0.641107 0.983154 1.00991 0.537334 0.516423 0.554751 0.624601 0.757074 0.792409 0.679596 0.340739 0.285368 0 0.242159 0.41024 0.850834 1.41143 1.26357 0.673768 0.190227 0 
0 0.682927 1.44963 1.25132 0.86126 0.406612 0.175693 0.244704 0.40624 0.505424 0.791125 0.454782 0.396652 0.221962 0.164174 0.214013 0.746011 1.08559 1.25823 1.26794 0.97125 0.408508 0 
0 1.15524 1.01518 0.938369 0.448171 0.126629 0.108216 0.176571 0.384672 0.418287 0.343062 0.279971 0.090315 0.110007 0.322625 0.62791 1.01572 0.989528 0.960939 0.905118 0.98036 0.749544 0 
0 0 0 0 0 0 0 0 0 0 0 0 0 0 0 0 0 0 0 0 0 0 0 
