0 0 0 0 0 0 0 0 0 0 0 0 0 0 0 0 0 0 0 0 0 0 0 
0 0.159537 0.153618 0.190748 0.263317 0.276517 0.334898 0.277164 0.418361 0.38748 0.462868 0.212292 0.0926804 0.105626 0.119432 0.0726836 0.168456 0.109228 0.229892 0.420319 0.524769 0.365737 0 
0 0.339205 0.620584 0.564841 0.718585 0.772592 0.739523 1.04922 1.40783 1.54774 1.63501 1.42745 1.19385 0.510171 0.297961 0.48978 0.323847 0.39628 0.52434 0.5112 0.582877 0.330753 0 
0 0.461909 0.805671 0.888003 0.648319 0.935959 1.43614 2.0799 2.00426 2.48117 2.22836 1.94038 1.29003 1.02193 0.690941 0.4085 0.232655 0.245041 0.338596 0.391531 0.269695 0.253521 0 
0 0.497968 0.651055 0.577441 0.724507 0.744608 1.62329 2.46868 2.69619 2.54761 2.33944 1.60297 1.06176 0.754783 0.420724 0.465952 0.365782 0.197592 0 0.279513 0.103693 0.274374 0 
0 0.774994 0.838968 0.884663 1.07236 1.41651 2.28948 2.2111 2.30396 2.264 1.68601 1.1749 0.74602 0.184101 0.30079 0.136597 0.594825 0.330157 0.338381 0.288433 0.472829 0.479663 0 
0 1.04067 1.70311 2.06482 2.21108 2.24108 2.19731 2.1435 1.63681 1.27779 0.906949 0.944009 0.857225 0.580721 0.300358 0.353946 0.291743 0.378615 0.496131 0.552246 0.669932 0.543891 0 
0 0.976867 1.70967 1.99018 2.12646 2.29833 2.01815 1.67831 1.34005 0.869778 0.916116 0.74288 0.813062 0.484381 0.399631 0.570586 0.374316 0.593457 0.645907 0.884089 0.779206 0.544689 0 
0 0.892008 1.52554 1.79247 1.90075 1.88005 1.80963 1.31109 0.69347 0.770328 0.436739 0.71499 0.639281 0.651623 0.624711 0.535646 0.704126 0.308752 0.314796 0.679778 0.680809 0.503445 0 
0 0.563583 0.967296 1.68294 1.61765 1.80867 1.12768 0.869193 0.71936 0.640842 0.552683 0.715684 0.673435 0.442477 0.399099 0.323247 0.315721 0.320825 0.384082 0.490455 0.296631 0.3672 0 
0 0.354905 0.669472 0.815539 1.03861 0.955672 1.0131 0.997739 0.800186 0.744936 0.64335 0.695095 0.753016 0.624375 0.485041 0.278733 0.378575 0.269765 0.186622 0.201709 0.278483 0.133337 0 
0 0.319019 0.297739 0.445967 0.506677 0.468329 0.528523 0.668315 0.604283 0.626875 0.459778 0.529342 0.434249 0.393548 0.451072 0.514435 0.375667 0.370381 0.247369 0.310097 0.257365 0.228004 0 
0 0 0 0 0 0 0 0 0 0 0 0 0 0 0 0 0 0 0 0 0 0 0 
