0 0 0 0 0 0 0 0 0 0 0 0 0 0 0 0 0 0 0 0 0 0 0 
0 0.948267 0.487782 0.110901 0.0213838 0.156523 0.231743 0.409092 0.29568 0.229576 0.167263 0.178203 0.208022 0.553999 0.89832 1.0092 0.943756 0.874909 0.812001 0.797103 0.774547 0.705917 0 
0 0.454632 0.349518 0.206229 0.0712991 0.175325 0.37118 0.561697 0.589822 0.397566 0.38302 0.493987 0.801695 1.51496 1.40392 1.04966 1.07156 1.27135 1.62316 1.5082 1.65148 0.653072 0 
0 0.0692142 0.11064 0.179361 0.130436 0.158962 0.335313 0.691352 0.619923 0.518844 0.854122 1.17638 1.63553 1.56465 0.929247 0.541414 1.03254 2.00152 2.28317 1.79755 0.714393 0.141868 0 
0 0.236502 0.145184 0.200602 0.0206241 0 0.503549 1.04077 0.895307 0.873528 1.05703 1.44756 1.75955 1.50021 1.49652 1.90442 2.08203 1.96083 2.00746 1.59404 0.690749 0.309646 0 
0 0.419739 0.428479 0.385188 0.346064 0.231377 0.534872 1.14889 1.13034 1.51878 1.60896 1.73969 1.70001 1.95094 2.10065 1.88525 2.12102 2.06697 1.3221 1.02807 1.32061 1.03919 0 
0 0.395189 0.532959 0.431925 0.403709 0.438388 0.789994 1.21739 1.40892 1.31549 1.8456 1.66296 1.78952 1.80732 1.75464 1.80526 1.79529 1.20093 1.10784 1.47279 1.60503 0.945521 0 
0 0.314941 0.729276 0.803678 0.850653 0.993067 1.09809 1.15288 1.58228 1.63497 1.59246 1.67681 1.57327 1.84475 1.69719 1.48215 0.91742 0.457947 0.250057 0.802712 0.903654 0.865679 0 
0 0.290943 0.627566 0.845859 0.826733 1.0453 1.22011 1.4653 1.23506 1.12824 1.12699 1.57079 1.57696 1.67744 1.78554 1.44233 1.12544 0.433692 0.0719028 0.444564 0.383348 0.224893 0 
0 0.447234 0.648621 0.562968 0.687238 0.770719 1.05691 1.34789 1.11217 1.20274 0.748881 0.539619 0.680459 1.19907 1.67793 2.00402 2.12652 1.54504 0.658816 0.672655 0.39189 0.267745 0 
0 0.364012 0.400713 0.125827 0.250475 0.328116 0.332007 0.924894 1.04363 0.930594 0.743167 0.605922 0.367839 0.766394 1.25414 1.59286 1.63683 1.61565 1.05413 0.632759 0.392756 0.26235 0 
0 0.289475 0.10188 0.100483 0.12363 0.128726 0.306214 0.270691 0.436304 0.666721 0.680784 0.642344 0.653129 0.722916 0.712828 0.737456 0.544878 0.42987 0.256485 0.274652 0.288598 0.28161 0 
0 0 0 0 0 0 0 0 0 0 0 0 0 0 0 0 0 0 0 0 0 0 0 
