0 0 0 0 0 0 0 0 0 0 0 0 0 0 0 0 0 0 0 0 0 0 0 
0 0.611459 0.831165 0.885658 0.921205 0.941312 0.864201 0.927774 0.899681 0.914586 0.854895 0.843452 0.862448 0.976797 0.784205 0.528265 0.564164 0.524883 0.676955 0.84467 0.941632 0.837679 0 
0 0.550558 1.18076 1.30808 1.33789 1.49548 1.59904 1.43585 1.26781 1.25227 1.13842 1.0188 0.725339 0.740436 0.535209 0.466784 0.410452 0.817248 1.36356 1.51488 1.60258 0.762371 0 
0 0.497756 0.943844 1.46552 1.5186 1.74453 1.69528 1.74287 1.63396 1.22854 1.00142 0.670634 0.607873 0.260451 0.233828 0.667542 1.18555 1.47832 1.83728 1.89143 1.59601 0.960136 0 
0 0.489366 0.73907 1.14917 1.42945 1.97611 1.72607 1.61387 1.07919 0.881013 0.897635 0.740011 0.754043 0.602531 1.00838 1.08149 1.50134 2.15423 2.35248 2.05831 1.55089 0.965927 0 
0 0.42787 0.929526 1.53766 1.70229 1.83302 1.60844 0.788339 0.787276 0.619259 1.05269 0.728447 0.730369 0.826356 0.884986 1.15499 1.11555 1.82812 2.53048 2.31497 1.9634 1.12675 0 
0 0.421547 0.768824 1.31948 1.85554 1.46379 1.36373 1.09094 0.804265 0.721322 0.879914 0.730308 0.967187 0.637618 1.0449 1.2501 1.83201 2.37552 2.45669 2.59729 1.77114 0.916652 0 
0 0.581268 1.28328 1.38779 1.34381 1.4422 1.22601 0.800783 0.826268 0.879003 0.844698 0.767667 0.834402 1.18504 1.11553 1.39781 2.04661 2.45867 2.72987 2.07366 0.831201 0.355724 0 
0 0.691058 1.20201 1.34049 1.22339 1.04805 0.73415 0.663764 0.667129 0.416094 0.477058 0.687075 0.968527 0.8743 1.12258 1.4176 2.03855 2.20278 2.16028 1.81588 0.892941 0.26082 0 
0 0.518657 0.961428 1.3794 1.2235 1.17565 0.429725 0.0991684 0 0.415015 0.441375 0.530739 0.670052 1.05734 0.965829 0.500157 0.83698 0.908324 1.26622 1.44845 0.83316 0.339288 0 
0 0.341433 0.62635 0.725218 0.772601 0.890315 0.802183 0.542965 0.396113 0.363901 0.224834 0.456948 0.399592 0.690787 0.491081 0.537214 0.400475 0.254632 0.654528 0.909567 0.887751 0.409189 0 
0 0.484447 0.353492 0.267099 0.255513 0.473285 0.461947 0.360295 0.236542 0.229877 0.164569 0.285922 0.442033 0.512407 0.416859 0.1341 0.123739 0.181374 0.168461 0.196935 0.492114 0.50746 0 
0 0 0 0 0 0 0 0 0 0 0 0 0 0 0 0 0 0 0 0 0 0 0 
