0 0 0 0 0 0 0 0 0 0 0 0 0 0 0 0 0 0 0 0 0 0 0 
0 0.276967 0.27906 0.262598 0.475301 0.662552 0.68413 0.771918 0.781165 0.810706 0.767889 0.9473 0.942736 1.15607 1.08938 1.00907 0.923134 0.779235 0.617525 0.520054 0.476682 0.387482 0 
0 0.158277 0.0933487 0.175034 0.21574 0.768368 1.01581 1.16953 1.25178 1.28669 1.20046 1.2336 1.23975 1.49215 1.62028 1.43613 1.61269 1.53856 1.26101 1.32351 0.970808 0.422515 0 
0 0.132729 0.27975 0.360192 0.377747 0.827994 0.746077 0.987958 1.07267 0.745685 0.908855 0.958661 1.06385 1.34147 1.41991 1.53128 1.60678 1.60034 1.59617 1.70253 1.13079 0.557499 0 
0 0.181896 0.254823 0.351887 0.600244 0.863908 0.605158 0.573904 0.545908 0.91744 0.993687 1.03817 1.11306 1.07529 1.26498 1.7867 1.68167 1.58774 1.69992 1.40594 1.17444 0.751754 0 
0 0.306429 0.282735 0.451377 0.331151 0.484904 0.75069 0.825831 0.355878 0.616452 0.602919 0.646132 0.741797 1.15354 1.4349 1.57753 1.57377 1.52285 1.61208 1.4065 1.33939 0.813519 0 
0 0.21491 0.446712 0.40824 0.217809 0.430925 0.405243 0.573772 0.606379 0.501866 0.885541 0.804991 1.07952 1.1609 1.15672 0.919137 0.565262 0.575317 0.489659 0.84531 0.649537 0.54715 0 
0 0.350666 0.510019 0.328846 0.254159 0.227682 0.323259 0.211898 0.510876 0.57735 0.959479 0.805446 0.869966 0.635773 0.668821 0.389777 0.260863 0.228616 0.0891784 0.28794 0.22767 0.174885 0 
0 0.56949 0.722211 0.676516 0.262043 0.483119 0.355963 0.480577 0.646939 0.771486 0.775427 0.769847 0.741281 1.03821 1.16427 1.15652 0.249761 0.373136 0.370312 0.218899 0.240206 0.1671 0 
0 0.98283 1.40652 1.41651 1.16357 0.883586 0.834679 0.788916 0.784159 0.900528 0.936917 1.18381 1.64423 1.98465 2.20744 1.97117 1.7638 1.36555 0.507174 0.46118 0.489883 0.263884 0 
0 1.04516 1.45585 1.54502 1.48532 1.07915 0.816276 0.753574 0.564712 0.627733 0.873551 1.49896 1.66645 1.7736 1.91351 1.66727 1.33225 0.901751 0.819827 0.438618 0.195336 0.0812313 0 
0 0.899908 0.90666 0.828684 0.74039 0.548397 0.495652 0.317127 0.270769 0.30459 0.408122 0.873057 1.08458 1.14221 1.02393 0.878617 0.514675 0.380789 0.265991 0.102328 0.16961 0.144684 0 
0 0 0 0 0 0 0 0 0 0 0 0 0 0 0 0 0 0 0 0 0 0 0 
