0 0 0 0 0 0 0 0 0 0 0 0 0 0 0 0 0 0 0 0 0 0 0 
0 0.343462 0.34111 0.390165 0.429099 0.440789 0.574092 0.639071 0.687296 0.56378 0.599952 0.29739 0.340672 0.309326 0.292656 0.185584 0.214318 0.295772 0.44885 0.427503 0.690174 0.907825 0 
0 0.396951 0.56027 0.346474 0.449805 0.58818 0.854366 1.27217 1.26735 0.973904 0.53076 0.493455 0.253903 0.478242 0.330721 0.553529 0.432469 0.518072 0.732309 1.07892 1.4315 0.935738 0 
0 0.400728 0.734004 0.755525 0.810498 1.11603 1.38198 1.22359 1.03191 1.19451 0.663171 0.550216 0.496351 0.603517 0.531696 0.452824 0.615342 0.791573 0.82332 1.53008 1.49761 1.00965 0 
0 0.481184 0.971796 1.51505 1.65296 1.66074 1.59549 1.39641 1.13226 0.550347 0.440638 0.589278 0.61638 0.530097 0.602554 0.48579 0.769024 1.18447 1.29641 1.76347 1.52028 0.913267 0 
0 0.724269 1.02861 1.15355 1.40707 1.53997 1.25837 1.12777 0.8548 0.428182 0.353976 0.376444 0.170779 0.493256 0.432107 0.668554 1.01606 0.96579 0.84106 1.04295 1.09424 0.822989 0 
0 0.721828 0.996846 0.959633 0.826308 1.12102 1.05803 1.10367 1.01973 0.528412 0.268969 0.207042 0.347982 0.0933265 0.520582 0.775308 1.04025 0.927676 0.436545 0.393486 0.368544 0.227972 0 
0 0.687055 1.01586 1.31762 0.939531 0.700249 0.569249 0.937888 0.899052 0.904767 0.645457 0.372782 0.321304 0.179315 0.587708 0.703443 1.06649 0.758922 0.219825 0.152273 0.165628 0.205522 0 
0 0.212491 0.93156 1.34755 0.708708 0.531313 0.447733 0.25571 0.92317 1.01003 0.958046 0.602818 0.436721 0.522274 0.67342 0.681567 0.715581 0.720951 0.38625 0.243908 0.0642919 0.0700971 0 
0 0.235802 0.680716 0.883825 0.695112 0.759637 0.868902 1.09164 1.54512 1.45837 1.25175 0.588465 0.247666 0.321212 0.395535 0.597081 0.962457 0.627657 0.393406 0.200264 0.21427 0.0582513 0 
0 0.296287 0.419079 0.578604 0.607658 0.773254 1.24622 1.78349 1.66389 1.65011 0.903676 0.262153 0.0793589 0.366317 0.578336 0.707887 0.756916 0.585132 0.207031 0.106507 0.441693 0.500715 0 
0 0.122594 0.15736 0.220571 0.21628 0.439844 0.846108 0.971422 1.05351 0.474289 0.133319 0.055887 0.155226 0.220193 0.285418 0.354093 0.37864 0.240775 0.171066 0.191545 0.425112 0.912286 0 
0 0 0 0 0 0 0 0 0 0 0 0 0 0 0 0 0 0 0 0 0 0 0 
