0 0 0 0 0 0 0 0 0 0 0 0 0 0 0 0 0 0 0 0 0 0 0 
0 0.327881 0.324599 0.480396 0.388013 0.467712 0.326652 0.225188 0.141625 0.183498 0 0.195566 0.30539 0.394821 0.324082 0.236882 0.231658 0.182266 0.294467 0.596141 0.503209 0.404502 0 
0 0.490209 0.512621 0.380676 0.550946 0.779395 0.689059 0.496589 0.241969 0.33639 0.248815 0.405921 0.658752 0.781912 0.650377 0.111393 0.152107 0.144996 0.244351 0.48445 0.908449 0.488778 0 
0 0.295385 0.349223 0.341615 0.285629 0.773509 1.01968 0.978056 0.573445 0.487004 0.566241 0.574043 0.81443 0.880487 0.717498 0.363952 0.362044 0.0715807 0.21829 0.442159 0.619278 0.646735 0 
0 0.339479 0.659859 1.11222 1.69 2.08483 1.82196 1.28593 0.600842 0.245154 0.386549 0.509094 0.701843 1.12952 0.68091 0.580576 0.254701 0.234525 0.344048 1.04997 1.15706 0.766956 0 
0 0.324853 0.772309 1.9091 2.83841 2.56147 2.45446 1.14288 0.376758 0.229721 0.412509 0.954619 1.11662 0.866227 0.746986 0.2678 0.252195 0.832565 1.59889 2.25542 1.77091 0.974948 0 
0 0.274084 0.973233 1.94636 2.14942 2.31386 1.01045 0.361768 0.184332 0.36959 0.583076 0.698359 0.957376 0.959673 0.604067 0.616235 0.60914 1.4742 2.301 1.92617 1.52803 0.775217 0 
0 0.295011 1.20301 1.61759 1.56 0.777137 0.286591 0.240814 0.332624 0.288085 0.3751 0.698111 0.97257 0.720493 0.792762 0.971568 1.42375 1.87175 1.85042 0.902874 0.655438 0.590757 0 
0 0.596546 1.01004 1.37903 1.47638 0.647072 0.358966 0.236814 0.15968 0.182666 0.372897 0.782139 0.988848 0.77403 1.09765 1.25054 1.57779 1.57016 1.35569 1.19327 1.3923 0.862828 0 
0 0.580206 1.06669 1.49077 1.11055 1.239 0.755529 0.407748 0.363067 0.403618 0.340219 0.852967 1.0823 1.11173 1.36562 1.33624 1.52328 1.42988 1.66109 1.85809 1.36435 0.938945 0 
0 0.59178 0.989895 0.873161 0.674615 0.608488 0.513233 0.328118 0.189778 0.306658 0.371059 0.853783 0.97892 0.937251 1.00039 1.17555 1.23053 1.30706 1.23959 1.25942 1.46344 0.679475 0 
0 0.563872 0.535918 0.425967 0.287381 0.421546 0.449341 0.400577 0.292212 0.291091 0.421387 0.488075 0.533357 0.633571 0.712779 0.728315 0.746682 0.838198 0.786017 0.76145 0.576715 0.375167 0 
0 0 0 0 0 0 0 0 0 0 0 0 0 0 0 0 0 0 0 0 0 0 0 
