0 0 0 0 0 0 0 0 0 0 0 0 0 0 0 0 0 0 0 0 0 0 0 
0 0.410183 0.452155 0.233956 0.110299 0.144439 0.131658 0.259104 0.340432 0.383554 0.633819 0.641162 0.623648 0.505053 0.277977 0.224108 0.328663 0.365967 0.412927 0.31238 0.149254 0.144094 0 
0 0.268937 0.340282 0.132056 0.0658898 0.18816 0.238367 0.244785 0.149489 0.307753 0.270963 0.779607 1.06268 0.656476 0.393214 0.378859 0.181598 0.553294 0.811999 0.795059 0.448783 0.218718 0 
0 0.54107 1.05229 1.04074 0.451829 0.287209 0.363064 0.35239 0.153568 0.14662 0.473436 0.896904 0.783759 0.788021 0.834748 0.869577 1.06785 1.54405 1.50461 1.30892 0.545704 0.119116 0 
0 0.865518 1.71393 2.03405 1.79159 1.09958 0.563146 0.690515 0.705469 0.77875 0.722415 0.623486 0.773527 0.822739 1.06768 1.50597 2.47116 2.39881 2.28474 1.3766 0.36462 0.0355383 0 
0 1.04604 1.73505 2.01809 1.58544 1.13645 0.880752 0.531775 0.241542 0.12289 0.280119 0.345961 0.547155 0.365267 1.06455 2.0559 2.30424 2.44235 1.54566 0.249328 0.200383 0.148079 0 
0 0.999222 1.82901 1.62146 0.996582 0.683236 0.46027 0.324083 0.329986 0.385595 0 0.289984 0.305661 0.627038 1.4359 1.85916 1.74973 0.994675 0.267352 0.0970908 0.197829 0.126684 0 
0 0.829789 1.07853 1.0969 0.939945 0.290783 0.360181 0.288321 0.369528 0.273944 0.254097 0.301357 0.272323 1.28284 1.47173 1.49188 1.67397 0.75956 0.347531 0.281593 0.173403 0.0189945 0 
0 0.468171 0.620803 0.647929 0.988772 0.448589 0.39743 0.407593 0.494339 0.40291 0.316626 0.625172 0.909199 1.21041 1.51021 1.76185 1.26814 1.26379 0.739386 0.275765 0.175533 0.203372 0 
0 0.321785 0.52833 0.706294 0.706164 0.419693 0.422036 0.366676 0.316994 0.688746 0.53725 0.743118 0.990896 1.18706 1.28298 1.24929 0.879982 0.772432 0.617408 0.429644 0.200475 0.158063 0 
0 0.337085 0.381063 0.377627 0.508695 0.581149 0.639992 0.435635 0.467119 0.203331 0.146926 0.232342 0.553362 0.79203 0.982168 0.714383 0.592208 0.625074 0.840641 0.716029 0.404038 0.17637 0 
0 0.321053 0.289358 0.323203 0.267047 0.232285 0.26083 0.213846 0.198837 0.191264 0.184732 0.13097 0.144086 0.223672 0.400148 0.428091 0.494893 0.42892 0.291104 0.475635 0.380165 0.411201 0 
0 0 0 0 0 0 0 0 0 0 0 0 0 0 0 0 0 0 0 0 0 0 0 
