0 0 0 0 0 0 0 0 0 0 0 0 0 0 0 0 0 0 0 0 0 0 0 
0 0.182362 0.332473 0.270004 0.359852 0.257509 0.26114 0.147271 0.0352489 0.0915031 0.0770543 0.139266 0.049785 0.106619 0.17769 0.248622 0.557795 0.566351 0.257762 0.22818 0.137357 0.122585 0 
0 0.259229 0.544697 0.538364 0.496074 0.713179 0.799247 0.941213 0.386742 0.265937 0.183837 0.222093 0.205767 0.197976 0.0989189 0.442524 0.642664 0.740824 0.572481 0.559498 0.593832 0.514255 0 
0 0.367377 0.808719 0.910868 1.39582 1.84316 1.8992 2.06163 1.79496 1.42188 0.639671 0.279975 0.601087 0.483483 0.463381 0.659285 0.545635 0.745333 0.7231 0.98149 1.33564 0.997608 0 
0 0.267455 0.638236 1.44675 2.25855 2.14818 2.71756 2.44857 2.07136 1.35342 0.971678 0.634866 0.339754 0.0782492 0.213019 0.279184 0.403171 0.476939 0.532471 1.0366 1.48771 0.957575 0 
0 0.307589 0.507362 1.58839 2.38822 2.83023 2.52807 2.4576 1.46686 0.946909 0.656562 0.239445 0.310361 0.285488 0.124917 0 0.355133 0.134369 0.756468 1.42526 1.39675 0.7241 0 
0 0.467297 1.14242 1.87759 2.09416 2.25026 2.02676 1.42872 1.03676 0.711924 0.195348 0.410688 0.162715 0.522423 0.135382 0.247898 0.196621 0.673662 1.29582 1.17546 1.152 0.447027 0 
0 0.997505 1.57031 1.68736 1.89943 1.49058 1.21433 0.779852 0.891118 0.674812 0.404404 0.295439 0.337441 0.453236 0.322668 0.36759 0.668504 0.878354 1.31345 1.31466 1.04098 0.543803 0 
0 0.827007 1.44642 1.62394 1.40225 1.03568 0.83792 0.762929 0.64648 0.657941 0.391898 0.190816 0.361654 0.440446 0.659272 0.575042 0.934236 1.06182 1.40484 1.29968 0.860727 0.382934 0 
0 0.781784 1.28512 1.52768 0.984535 0.594246 0.550324 0.300349 0.5469 0.580673 0.629754 0.551891 0.454227 0.432789 0.272573 0.225665 0.509461 0.816031 1.13525 1.04175 0.683911 0.352607 0 
0 0.750267 1.36719 0.903875 0.650076 0.670389 0.442449 0.370683 0.534052 0.49483 0.316414 0.328981 0.269755 0.290605 0.267808 0.27234 0.30922 0.332515 0.604384 0.809053 0.849649 0.412285 0 
0 0.577665 0.486601 0.629349 0.632879 0.450589 0.450685 0.363238 0.424693 0.388072 0.340095 0.299933 0.208864 0.22662 0.198934 0.118557 0.126928 0.178579 0.159636 0.210253 0.307895 0.41159 0 
0 0 0 0 0 0 0 0 0 0 0 0 0 0 0 0 0 0 0 0 0 0 0 
