0 0 0 0 0 0 0 0 0 0 0 0 0 0 0 0 0 0 0 0 0 0 0 
0 0.250067 0.374465 0.626555 0.991257 1.07316 1.08025 0.832286 0.716469 0.445505 0.388417 0.173499 0.125845 0.119246 0.132594 0.0795756 0.121519 0.0513727 0.219613 0.61424 0.832632 0.731495 0 
0 0.276533 0.719907 1.39952 1.55178 1.5537 1.50844 1.44561 0.813129 0.409057 0.163379 0.070375 0.0806124 0.242505 0.107032 0.0830739 0.261016 0.362331 0.572821 1.09678 1.14167 0.452579 0 
0 0.733012 1.36072 1.7784 1.72962 1.61636 1.28956 0.870702 0.769888 0.625107 0.189488 0.301108 0.0589997 0.309327 0.0806612 0.185395 0.202075 0.665241 0.950463 1.07202 0.999133 0.499868 0 
0 0.951879 1.66716 1.62885 1.7644 1.35953 0.939951 0.716682 0.868798 0.685293 0.490873 0.494377 0.516926 0.387237 0.370635 0.432115 0.900532 1.10646 1.10439 1.19043 0.960486 0.467468 0 
0 0.814396 1.36359 1.3718 1.22315 0.906872 0.643889 0.453561 0.546379 0.330884 0.502505 0.346725 0.336535 0.626004 0.494128 0.354069 0.880231 0.891746 1.15356 0.947955 0.659049 0.316393 0 
0 0.70991 1.33732 1.3599 0.690106 0.750335 0.493503 0.350745 0.580399 0.532852 0.526334 0.570204 0.382866 0.100503 0.149022 0.276516 0.434691 0.553237 1.18162 0.903101 0.614348 0.219381 0 
0 0.587264 1.05334 1.27045 1.10364 0.848578 0.869354 0.830645 0.605608 0.867484 0.543893 0.545338 0.307452 0.430503 0.237101 0.189911 0.26888 0.268223 0.397204 0.67974 0.660138 0.420619 0 
0 0.540492 0.780274 1.08379 1.61383 1.14694 1.10883 1.02058 1.11992 0.781234 0.968018 0.783107 0.77544 0.858813 0.573031 0.345023 0.282891 0.294525 0.562333 0.695797 0.702505 0.372775 0 
0 0.147665 0.375624 0.453436 0.835101 0.946733 0.948309 0.831113 1.12654 1.17124 1.03923 0.671944 0.68928 0.598599 0.697914 0.727343 0.542602 0.483145 0.594486 0.761463 0.829726 0.429376 0 
0 0.0787578 0.0983598 0.304194 0.333787 0.349546 0.608833 0.762685 0.828494 0.777501 0.740184 0.472575 0.302753 0.185469 0.228366 0.225651 0.199456 0.304976 0.365463 0.48618 0.272659 0.183297 0 
0 0.0951012 0.0978323 0.0396107 0.166898 0.21302 0.331525 0.365257 0.267107 0.331412 0.449245 0.386146 0.191391 0.217408 0.0294912 0.0230489 0.12308 0.0798585 0 0.120813 0.144825 0.235729 0 
0 0 0 0 0 0 0 0 0 0 0 0 0 0 0 0 0 0 0 0 0 0 0 
