0 0 0 0 0 0 0 0 0 0 0 0 0 0 0 0 0 0 0 0 0 0 0 
0 0.0658035 0.0988829 0.115735 0.0900403 0.167391 0.125689 0.239332 0.433113 0.458465 0.371577 0.314657 0.286102 0.369122 0.504109 0.655002 0.540989 0.26304 0.16131 0.136778 0.182087 0.243471 0 
0 0.770795 0.678138 0.317017 0.407551 0.39292 0.443239 0.493673 0.520573 0.614193 0.660098 0.742952 1.06637 1.53663 1.61545 1.59463 1.02336 0.3059 0.126296 0.457568 0.461141 0.394322 0 
0 0.669423 0.749508 0.876994 0.506832 0.212452 0.202684 0.258404 0.411488 0.398077 0.532232 0.689552 1.7168 2.14409 2.24953 1.66274 0.500391 0.0904851 0.22294 0.36582 0.535882 0.391111 0 
0 0.494528 0.598325 0.424681 0.39012 0.418718 0.347221 0 0.201969 0.248619 0.540458 1.33936 2.00328 1.87888 1.23403 0.474082 0.264635 0.37433 0.231571 0.305712 0.558483 0.38239 0 
0 0.310029 0.170701 0.177364 0.0899779 0.491702 0.431443 0.249015 0.409873 0.403633 1.1166 1.28771 1.49573 1.51335 0.609671 0.111342 0.404269 0.13499 0.0754106 0.400333 0.367825 0.404864 0 
0 0.393452 0.384088 0.363556 0.30149 0.294129 0.392162 0.38578 0.585587 0.886543 1.32074 1.41761 1.68073 1.43264 1.0027 0.616205 0.152769 0.232703 0.253698 0.23579 0.418529 0.473825 0 
0 0.357326 0.321422 0.381127 0.475868 0.366352 0.673766 0.649552 1.01828 1.00865 1.29143 1.5318 1.27542 1.04687 1.26566 0.800678 0.515447 0.20218 0.18822 0.150436 0.503125 0.492253 0 
0 0.270284 0.479428 0.654664 0.507362 0.755917 0.457591 0.205131 0.675363 0.998206 1.1687 1.43414 1.13437 1.10194 1.06967 1.17764 0.963094 0.431794 0.37553 0.450995 0.600944 0.408562 0 
0 0.311465 0.384631 0.421998 0.444341 0.299552 0.370484 0.357816 0.476678 0.40856 0.639746 0.94022 1.03043 0.950434 0.809345 0.574082 0.946659 0.999434 0.847516 1.04545 0.754839 0.512918 0 
0 0.391863 0.625922 0.582589 0.372775 0.360704 0.254538 0.193894 0.228266 0.282983 0.238711 0.347595 0.592593 0.702943 0.769173 0.634815 0.612851 0.488755 0.495678 0.628317 0.831807 0.580415 0 
0 0.43718 0.411036 0.413077 0.5067 0.416352 0.380723 0.284732 0.267538 0.286852 0.23138 0.370298 0.375402 0.443782 0.509349 0.469849 0.327915 0.272481 0.230685 0.382716 0.553641 0.530927 0 
0 0 0 0 0 0 0 0 0 0 0 0 0 0 0 0 0 0 0 0 0 0 0 
