0 0 0 0 0 0 0 0 0 0 0 0 0 0 0 0 0 0 0 0 0 0 0 
0 0.569725 0.234398 0.14191 0.123456 0.0451867 0.187144 0.0828642 0.13167 0.242579 0.307288 0.366672 0.450671 0.470159 0.594802 0.573561 0.839497 0.667642 0.600948 0.447496 0.425468 0.405132 0 
0 0.898951 1.13916 0.88027 0.708166 0.53257 0.502519 0.476184 0.488632 0.659771 0.683212 0.599195 0.762062 0.942546 0.979446 1.11751 1.17758 0.934148 0.779771 0.418926 0.67826 0.325077 0 
0 1.00939 1.66464 1.83037 1.45182 1.38484 0.923239 0.916682 0.911294 0.890812 0.632619 0.48003 0.700019 0.833399 1.15678 1.70677 1.37762 0.974969 0.784063 0.569725 0.329098 0.217257 0 
0 0.77181 1.27832 1.91039 1.6248 1.72247 1.51915 0.970468 1.02749 1.01492 1.04358 0.864696 1.14662 1.45248 1.59828 1.10373 1.1445 1.12933 0.57793 0.573901 0.426668 0.259725 0 
0 0.645996 1.08832 1.6308 1.77215 1.91029 1.59325 1.49445 1.47118 1.32179 1.69576 1.67286 1.94918 1.59796 1.47627 1.39611 0.804411 0.489005 0.433024 0.582021 0.269462 0.25719 0 
0 0.634534 1.12178 1.4385 1.71646 1.73345 1.69426 1.81932 1.83603 1.62902 1.49762 1.45477 1.48634 1.35493 1.40522 0.930225 0.942992 0.405979 0.316343 0.162695 0.168193 0.193139 0 
0 0.536774 0.887973 1.02734 1.69325 1.64529 1.66421 1.8067 1.84178 1.64851 1.33863 0.877076 0.771172 0.874072 1.24401 0.975764 0.952676 0.505855 0.327167 0.327762 0.175785 0.0491203 0 
0 0.343293 0.312954 0.180958 0.138637 0.375078 0.686041 0.580887 0.998259 1.58208 1.31695 1.46481 0.796752 0.630056 0.535796 0.913911 0.990135 0.735074 0.430837 0.2429 0.244333 0.112786 0 
0 0.140824 0 0.177683 0.288257 0.21882 0.126292 0.299884 0.405464 0.537549 1.29042 1.14159 0.444267 0.421466 0.198967 0.370902 0.872586 1.0462 0.920169 0.464668 0.365732 0.238607 0 
0 0.687585 0.573017 0.261483 0.221187 0.299895 0.23914 0.156462 0.199793 0.594383 0.597787 0.653463 0.528061 0.661187 0.880207 1.2052 1.44421 1.19287 0.670074 0.314351 0.141928 0.122904 0 
0 0.993259 0.825042 0.589154 0.339039 0.225115 0.209244 0.296682 0.243832 0.261661 0.197772 0.291783 0.310097 0.465839 0.876861 1.13468 0.975188 0.86833 0.358288 0.064622 0.135693 0.176436 0 
0 0 0 0 0 0 0 0 0 0 0 0 0 0 0 0 0 0 0 0 0 0 0 
