0 0 0 0 0 0 0 0 0 0 0 0 0 0 0 0 0 0 0 0 0 0 0 
0 1.07211 0.910834 0.898188 0.575545 0.439546 0.309046 0.178199 0.161639 0.160126 0.11084 0.14392 0.176825 0.193227 0.448094 0.828229 0.827592 0.818169 0.460684 0.175525 0.0688207 0.0361323 0 
0 0.901554 1.56273 1.05912 0.607 0.246089 0.210357 0.146866 0.288618 0.208653 0.144907 0.231146 0.305347 0.459135 1.02192 1.1564 1.08398 0.523397 0.12624 0.12953 0.143153 0.106803 0 
0 0.737104 0.80706 0.733196 0.805454 0.376784 0.257823 0.187855 0.246608 0.437532 0.245039 0.313822 0.514816 1.08726 1.24608 1.21703 1.3695 0.732473 0.422074 0.180189 0.0722076 0.0720908 0 
0 0.433424 0.649742 0.688996 0.93536 0.598657 0.655513 0.56305 0.663177 0.313982 0.47795 0.903532 0.988471 1.27894 1.39524 1.49463 1.43698 1.31917 0.842366 0.475246 0.324134 0.174363 0 
0 0.34809 0.416512 0.581066 0.640993 0.504331 0.670274 0.287822 0.612706 0.664528 0.393956 0.901176 1.10823 1.19365 1.49618 1.14232 0.83101 0.961629 0.904852 0.621789 0.164254 0.164969 0 
0 0.320511 0.303938 0.510833 0.742828 0.634126 0.731088 0.631833 0.280075 0.291094 0.341382 0.279882 0.540496 1.07332 1.11464 1.3255 0.715316 0.897755 0.895627 0.935987 0.588792 0.368254 0 
0 0.371808 0.636899 0.806384 0.745505 0.841263 0.587061 0.50213 0.534171 0.387835 0.413273 0.321244 0.326628 0.32685 0.845315 0.78578 1.21796 0.877008 0.674457 0.867041 0.664621 0.342371 0 
0 0.517774 0.753761 1.0839 0.98177 1.01479 0.844979 0.848534 0.882419 0.721892 0.523834 0.54412 0.373732 0.558916 0.615855 0.863676 0.97171 1.21094 1.10364 0.673123 0.490462 0.359108 0 
0 0.446169 0.817771 1.05974 1.26366 1.21718 0.851328 0.96825 0.827125 0.821461 0.794921 0.840201 0.606166 0.591615 0.6935 0.941282 1.1334 1.07272 0.809109 0.514586 0.215466 0.0930873 0 
0 0.3296 0.745105 0.855591 0.912057 0.900561 0.771064 0.440458 0.270038 0.280591 0.25475 0.21344 0.362841 0.427392 0.595208 0.432541 0.309945 0.452699 0.476287 0.203802 0.301633 0.0952487 0 
0 0.3057 0.470451 0.277227 0.356595 0.451989 0.530091 0.269906 0.226525 0.184692 0 0.170738 0.166096 0.0530775 0.118547 0.203341 0.180056 0.314269 0.410695 0.255915 0.302141 0.233167 0 
0 0 0 0 0 0 0 0 0 0 0 0 0 0 0 0 0 0 0 0 0 0 0 
