0 0 0 0 0 0 0 0 0 0 0 0 0 0 0 0 0 0 0 0 0 0 0 
0 0.0817153 0.174781 0.132456 0.199275 0.358605 0.357311 0.502196 0.508477 0.578112 0.709835 0.795338 0.791713 0.84909 0.855645 0.734958 0.726921 0.641596 0.549187 0.577155 0.403691 0.380622 0 
0 0.170871 0.195336 0.165716 0.348005 0.377192 0.372764 0.498455 0.542107 0.759375 1.06662 1.08166 1.34795 1.44881 1.23898 1.30232 1.06281 0.82234 0.706443 0.438984 0.321461 0.0737785 0 
0 0.151983 0.289288 0.378278 0.16397 0.39064 0.494644 0.796711 0.979647 0.951953 0.974541 1.219 1.43552 1.83731 1.46485 1.2164 0.723359 0.632385 0.793611 0.53921 0.407732 0.215638 0 
0 0.504014 0.765743 0.955819 0.750486 0.818026 0.973832 0.848895 0.871819 1.0583 1.27997 1.54077 1.53614 1.62464 1.36062 0.80904 0.6192 0.747123 0.909235 0.6572 0.342034 0.305886 0 
0 0.672052 1.33613 1.09317 1.28068 0.97696 0.942461 0.872744 0.869981 0.913132 0.907416 1.75399 1.81104 1.34712 1.24304 0.886744 0.838258 0.608653 0.665495 0.649103 0.637378 0.245643 0 
0 0.686125 1.32135 1.37641 1.17314 1.3924 1.27885 1.34525 1.16043 1.3669 1.88146 1.55617 1.39181 1.31271 0.889759 0.826369 0.700527 0.767976 0.624569 0.400424 0.507643 0.381049 0 
0 0.642585 1.27159 1.5924 1.55388 1.57268 1.5646 1.78979 1.60157 1.81492 1.48444 1.43637 1.09786 0.800395 0.657952 0.464818 0.544545 0.425576 0.551973 0.489393 0.625444 0.323994 0 
0 0.699593 1.21022 1.76434 1.78698 1.8622 1.69402 1.45853 1.44237 1.24189 1.28178 1.54214 1.1701 0.995105 0.356134 0.141985 0.219821 0.298972 0.511616 0.275085 0.551306 0.491006 0 
0 0.632044 0.98836 1.54859 1.53575 1.4984 1.45696 1.16393 0.903363 0.499688 0.605934 1.03421 0.960192 0.999983 0.737146 0.496675 0.507207 0.295586 0.169729 0.592869 0.45207 0.345638 0 
0 0 0.231114 0.384086 0.475292 0.529359 1.01972 1.28891 1.1056 0.69023 0.472181 0.442342 0.617811 0.765215 0.679047 0.333711 0.324182 0.283278 0.26823 0.462442 0.847307 0.413254 0 
0 0.103758 0.0943708 0.093997 0.186451 0.22628 0.214483 0.499438 0.55988 0.253183 0.188918 0.152979 0.247574 0.469021 0.550724 0.376347 0.273591 0.17013 0.253115 0.261168 0.457273 0.43129 0 
0 0 0 0 0 0 0 0 0 0 0 0 0 0 0 0 0 0 0 0 0 0 0 
