0 0 0 0 0 0 0 0 0 0 0 0 0 0 0 0 0 0 0 0 0 0 0 
0 0.0623491 0.0874029 0.0481878 0.120588 0.0626798 0.0624691 0.167079 0.226369 0.348296 0.496396 0.43774 0.549704 0.509983 0.704911 0.718287 0.632996 0.505506 0.422546 0.407728 0.329167 0.168277 0 
0 0.502315 0.747935 0.476508 0.58212 0.442909 0.47221 0.621009 0.581489 0.607011 0.684768 0.794474 0.926689 0.98367 1.11546 0.952966 0.960868 0.469772 0.475669 0.528672 0.565744 0.205112 0 
0 0.918484 1.2072 1.46621 1.17568 0.853082 0.97896 0.81337 0.716231 0.458682 0.528258 0.573867 1.04584 1.4994 1.50356 1.18646 0.665551 0.567776 0.393626 0.518795 0.221915 0.261293 0 
0 0.806592 1.30504 1.49532 1.77173 1.27026 1.001 1.06178 0.924062 0.74279 0.876375 1.25874 1.53331 1.22322 0.972439 1.21067 0.846641 0.390509 0.467943 0.466132 0.325374 0.164058 0 
0 0.60256 1.27278 1.53023 1.78293 1.51471 1.20368 1.20252 1.4476 1.60651 1.65678 1.75693 1.5513 1.39597 1.10762 0.407206 0.465884 0.431465 0.508564 0.38358 0.359131 0.223312 0 
0 0.624333 1.07782 1.52264 1.51278 1.68822 1.76996 1.78333 1.45761 1.29566 1.34004 1.38401 1.15872 1.21913 0.820224 0.377956 0.147012 0.274471 0.156354 0.322828 0.231562 0.168929 0 
0 0.412788 0.934091 1.45109 1.43051 1.86255 1.70248 1.76424 1.45453 1.04755 0.629028 0.802046 0.95886 0.918261 1.00496 0.764921 0.297313 0.204493 0.385964 0 0.223879 0.257863 0 
0 0.078075 0.123701 0.17187 0.463818 0.597016 0.778981 1.43789 1.4818 1.49914 1.16558 0.594768 0.408345 0.680959 0.825656 0.915942 0.696714 0.207107 0.275485 0.137481 0.285797 0.275513 0 
0 0.0167088 0.175643 0.199321 0.262943 0.169812 0.261634 0.261739 0.949871 1.21249 0.736616 0.369496 0.367742 0.156623 0.610744 0.942847 0.940626 0.521549 0.425013 0.340733 0.379344 0.271869 0 
0 0.215181 0.150157 0.236585 0.271985 0.0428829 0.0754626 0.300607 0.621052 0.536113 0.510668 0.601508 0.686014 0.913592 1.30457 1.20362 0.961075 0.422043 0.0921558 0.234732 0.209717 0.214294 0 
0 0.670345 0.414598 0.244986 0.257736 0.270584 0.272692 0.25927 0.203434 0.280464 0.289712 0.398628 0.655134 1.05249 0.968105 0.929519 0.534967 0.165568 0.00183481 0.143501 0.286378 0.396276 0 
0 0 0 0 0 0 0 0 0 0 0 0 0 0 0 0 0 0 0 0 0 0 0 
