0 0 0 0 0 0 0 0 0 0 0 0 0 0 0 0 0 0 0 0 0 0 0 
0 0.587232 0.548874 0.785193 0.789283 0.704556 0.705013 0.587143 0.431502 0.335267 0.245044 0.101575 0.0692383 0.193196 0.345718 0.446968 0.718595 0.851346 0.777034 0.847548 0.847815 0.708313 0 
0 0.47585 0.981708 1.12815 1.36888 1.08116 0.889372 0.644953 0.540092 0.640662 0.367234 0.312793 0.259632 0.442401 0.740763 1.25988 1.37205 1.6315 1.49265 1.49262 1.47062 0.751195 0 
0 0.556585 0.99437 1.33367 1.41779 1.12232 0.707251 0.526765 0.818718 0.765545 0.615802 0.510884 0.589958 0.832736 0.90324 1.22681 1.7422 2.03291 2.1252 2.32116 1.54047 0.862799 0 
0 0.398454 1.08593 1.55306 1.22115 0.971176 0.747354 0.583609 0.557428 0.530627 0.740623 0.796037 0.387125 0.900089 1.38422 1.9876 2.31882 2.29528 2.64103 2.08293 1.48983 0.77518 0 
0 0.695799 0.990099 1.00715 1.12759 0.93301 0.579606 0.59672 0.666594 0.514064 0.430831 0.840668 0.916069 1.01132 1.57067 2.22675 2.50816 2.34581 1.85171 0.872428 0.632241 0.488613 0 
0 0.563247 0.981319 1.01682 0.544735 0.615772 0.39493 0.585554 0.395991 0.544283 0.593179 0.723457 0.860036 1.16905 1.75571 2.25324 2.14591 2.25475 1.48456 0.691794 0.444966 0.226806 0 
0 0.50279 1.03847 0.910144 0.698628 0.246708 0.209027 0.219288 0.3032 0.546991 0.325781 0.832333 1.11425 0.739726 0.815087 1.23838 1.27665 1.68295 1.16286 0.892321 0.394341 0.143985 0 
0 0.324214 0.835124 0.977417 0.982407 0.604609 0.240422 0.556977 0.112596 0.270834 0.718687 0.81924 0.830017 0.501767 0.574601 0.346958 0.335512 1.04109 1.33593 0.679303 0.486007 0.171193 0 
0 0.186 0.427084 0.885557 0.897464 0.749461 0.223552 0.351224 0.226752 0.219591 0.679314 1.11698 0.883299 0.289554 0.127288 0.0979053 0.254125 0.203425 0.873485 1.15216 0.686084 0.36183 0 
0 0.179706 0.112305 0.384263 0.86095 0.81709 0.508128 0.382882 0.352186 0.44105 0.467573 0.698567 0.584416 0.300935 0.325421 0.100307 0 0.222209 0.377953 0.932691 1.12924 0.522075 0 
0 0.458966 0.58393 0.825643 0.814749 0.665427 0.318102 0.113441 0.131628 0.0821293 0.26471 0.388293 0.390575 0.159925 0.10762 0.0944322 0.0137333 0.314317 0.592916 0.78582 0.788501 0.640306 0 
0 0 0 0 0 0 0 0 0 0 0 0 0 0 0 0 0 0 0 0 0 0 0 
