0 0 0 0 0 0 0 0 0 0 0 0 0 0 0 0 0 0 0 0 0 0 0 
0 0.305584 0.498077 0.596536 0.904703 0.949033 1.1444 1.03973 0.840199 0.582902 0.426701 0.294331 0.207044 0.220616 0.184877 0.137742 0.206272 0.163645 0.267998 0.38247 0.92929 1.09356 0 
0 0.310949 0.701377 1.11876 1.78552 1.89837 1.86633 1.5046 1.22882 0.861587 0.653199 0.387577 0.338987 0.293002 0.170682 0.146162 0.193374 0.115015 0.524428 1.11914 1.43323 0.703874 0 
0 0.381232 0.825752 1.99623 2.11684 1.9597 1.92764 1.75831 1.06508 0.528842 0.174552 0.206264 0.0933963 0.402267 0.248388 0.270737 0.346937 0.583293 0.887441 1.37977 1.18676 0.467274 0 
0 0.845902 1.50559 1.88203 2.04451 1.76209 1.50082 1.03234 0.834594 0.70074 0.354417 0.346697 0.207 0.337023 0.252388 0.364706 0.404748 0.734419 1.11756 1.20393 1.06579 0.546507 0 
0 0.993518 1.70729 1.63406 1.82039 1.46511 1.06564 0.785356 0.998851 0.813833 0.58356 0.524516 0.590914 0.384831 0.585494 0.591828 1.06227 1.1811 1.13622 1.19877 0.908575 0.501566 0 
0 0.844834 1.37594 1.45855 1.33762 0.908921 0.712863 0.426238 0.625016 0.509678 0.671428 0.510077 0.365052 0.723928 0.403128 0.390294 0.974724 1.00273 1.13118 1.10768 0.705412 0.312725 0 
0 0.708699 1.34267 1.25212 0.763808 0.78147 0.529111 0.384155 0.864125 0.694429 0.466817 0.640223 0.45199 0.192102 0.256535 0.481203 0.4725 0.58715 1.14308 0.960038 0.682276 0.254505 0 
0 0.606224 1.08404 1.33662 1.23086 0.933552 0.933475 0.873695 0.721935 1.02721 0.761002 0.564653 0.359175 0.442724 0.317876 0.289025 0.420331 0.291446 0.400573 0.631556 0.639526 0.447824 0 
0 0.578938 0.899056 1.10366 1.50124 1.19875 1.11578 0.919201 1.14436 0.827324 0.92685 0.855172 0.909159 0.836505 0.6846 0.448085 0.415295 0.428771 0.567589 0.718866 0.723063 0.412529 0 
0 0.140197 0.356003 0.424979 0.642207 0.804086 0.769802 0.723475 0.834079 1.0059 0.888163 0.626328 0.563247 0.484166 0.550241 0.555291 0.623029 0.476187 0.546113 0.556364 0.86821 0.464382 0 
0 0.101101 0 0.168744 0.215951 0.233746 0.355561 0.441989 0.509447 0.508883 0.408291 0.362047 0.206577 0.117587 0.124526 0.140127 0.122348 0.181371 0.187871 0.282434 0.127479 0.196238 0 
0 0 0 0 0 0 0 0 0 0 0 0 0 0 0 0 0 0 0 0 0 0 0 
